coin.html是为了测试货币行情图 后期应该会用到


深度图数据参考https://www.yuanbao.com/market/depths?depth=qtum2cny

{"asks":[[94.50000000, 123.53900000],[94.46000000, 2.00000000],[94.30000000, 17.00000000],[94.23000000, 13.17000000],[94.20000000, 10.00000000],[94.00000000, 101.00000000],[93.58000000, 8.00000000],[93.50000000, 19.26000000],[93.45000000, 3.00000000],[93.33000000, 50.00000000],[93.21000000, 15.02000000],[93.00000000, 349.98000000],[92.25000000, 23.00000000],[92.20000000, 50.00000000],[92.00000000, 135.89000000],[91.88000000, 1.35000000],[91.69000000, 11.02000000],[91.60000000, 5.00000000],[91.52000000, 38.00000000],[91.00000000, 42.00000000],[90.90000000, 160.00000000],[90.30000000, 172.00000000],[90.08000000, 10.00000000],[90.00000000, 1183.61810000],[89.99000000, 63.38140000],[89.98000000, 10.00000000],[89.80000000, 6.24000000],[89.77000000, 108.36400000],[89.70000000, 100.32000000],[89.68000000, 100.00000000],[89.15000000, 10.00000000],[89.01000000, 99.72000000],[89.00000000, 1139.29730000],[88.88000000, 121.00000000],[88.82000000, 2.99000000],[88.60000000, 130.84000000],[88.35000000, 20.00000000],[88.23000000, 10.00000000],[88.14000000, 80.47000000],[88.00000000, 706.17290000],[87.99000000, 25.00000000],[87.90000000, 128.00000000],[87.69000000, 10.00000000],[87.45000000, 36.10000000],[87.33000000, 10.00000000],[87.00000000, 196.65880000],[86.60000000, 100.00000000],[86.48000000, 10.00000000],[86.20000000, 10.00000000],[86.00000000, 651.87000000],[85.88000000, 19.13000000],[85.80000000, 504.00000000],[85.66000000, 100.00000000],[85.60000000, 56.20000000],[85.55000000, 1.00000000],[85.33000000, 10.00000000],[85.00000000, 1551.03270000],[84.90000000, 108.00000000],[84.88000000, 4.14000000],[84.80000000, 4.00000000],[84.50000000, 797.99000000],[84.40000000, 86.00000000],[84.30000000, 9.65000000],[84.25000000, 20.00000000],[84.20000000, 69.53010000],[84.00000000, 233.02760000],[83.52000000, 50.00000000],[83.33000000, 10.00000000],[83.00000000, 532.27000000],[82.99000000, 14.38810000],[82.98000000, 259.68000000],[82.94000000, 99.80100000],[82.80000000, 15.08790000],[82.79000000, 53.23000000],[82.50000000, 40.00000000],[82.45000000, 26.87000000],[82.00000000, 205.70000000],[81.88000000, 1.00000000],[81.86000000, 13.39640000],[81.79000000, 1.00000000],[81.75000000, 4.00000000],[81.70000000, 1.00000000],[81.60000000, 70.00000000],[81.30000000, 155.92720000],[81.00000000, 330.00000000],[80.99000000, 180.00000000],[80.80000000, 100.00000000],[80.66000000, 10.76090000],[80.50000000, 111.79480000],[80.40000000, 100.00000000],[80.00000000, 279.79460000],[79.98000000, 20.00000000],[79.50000000, 129.50000000],[79.40000000, 100.00000000],[79.22000000, 20.00000000],[79.00000000, 78.55000000],[78.99000000, 10.00000000],[78.39000000, 22.90000000],[78.02000000, 29.96000000],[78.00000000, 10.00000000]],"bids":[[77.99000000, 100.60000000],[77.54000000, 5.20410000],[77.53000000, 10.00000000],[77.52000000, 20.00000000],[77.51000000, 18.09000000],[77.50000000, 365.47790000],[77.10000000, 201.00000000],[77.05000000, 353.79000000],[77.00000000, 44.50000000],[76.80000000, 123.43000000],[76.68000000, 10.00000000],[76.59000000, 50.00000000],[76.50000000, 107.48000000],[76.01000000, 107.50000000],[76.00000000, 189.27000000],[75.60000000, 89.85000000],[75.56000000, 20.00000000],[75.50000000, 7.00000000],[75.30000000, 60.00000000],[75.11000000, 100.00000000],[75.10000000, 100.00000000],[75.01000000, 20.00000000],[75.00000000, 1718.44770000],[74.80000000, 50.00000000],[74.59000000, 269.16760000],[74.12000000, 10.00000000],[74.01000000, 21.03220000],[74.00000000, 106.13000000],[73.88000000, 10.00000000],[73.81000000, 50.00000000],[73.60000000, 70.84000000],[73.55000000, 20.00000000],[73.50000000, 207.93000000],[73.45000000, 30.00000000],[73.38000000, 146.52000000],[73.33000000, 50.00000000],[73.12000000, 16.42500000],[73.00000000, 538.69000000],[72.99000000, 30.00000000],[72.96000000, 50.00000000],[72.88000000, 150.00000000],[72.61000000, 60.00000000],[72.50000000, 13.00000000],[72.36000000, 20.00000000],[72.00000000, 938.81000000],[71.96000000, 50.00000000],[71.90000000, 1195.94660000],[71.88000000, 150.00000000],[71.56000000, 20.00000000],[71.50000000, 440.00000000],[71.30000000, 28.53000000],[71.10000000, 100.00000000],[71.01000000, 2.00000000],[71.00000000, 571.39400000],[70.50000000, 65.00000000],[70.29000000, 20.00000000],[70.23000000, 60.00000000],[70.20000000, 70.38000000],[70.19000000, 56.99000000],[70.10000000, 45.00000000],[70.01000000, 10.00000000],[70.00000000, 1249.74700000],[69.80000000, 30.00000000],[69.50000000, 0.76130000],[69.00000000, 14.63000000],[68.85000000, 7.53720000],[68.50000000, 216.65000000],[68.10000000, 9.48000000],[68.00000000, 1321.90000000],[67.80000000, 10.00000000],[67.50000000, 65.00000000],[67.01000000, 10.00000000],[67.00000000, 324.59390000],[66.88000000, 3.00000000],[66.66000000, 100.00000000],[66.58000000, 60.00000000],[66.20000000, 152.00000000],[66.18000000, 42.05000000],[66.01000000, 155.00000000],[66.00000000, 781.86000000],[65.80000000, 56.26100000],[65.70000000, 2.76000000],[65.66000000, 157.39000000],[65.62000000, 11.64000000],[65.58000000, 156.00000000],[65.52000000, 156.00000000],[65.50000000, 5.00000000],[65.05000000, 555.00000000],[65.01000000, 10.00000000],[65.00000000, 814.91470000],[64.50000000, 178.12000000],[64.20000000, 356.24000000],[64.00000000, 47.00000000],[63.82000000, 29.86800000],[63.20000000, 376.64270000],[63.01000000, 7.00000000],[63.00000000, 7.00000000],[62.80000000, 10.00000000],[62.00000000, 3.00000000],[61.80000000, 810.52000000]],"date":1503287741}




https://www.btc123.com/order?symbol=btcchinabtccny

asks 委托卖单
bids 委托买单
date 当前日期




"[[1503259920000,82.8,82.89,82.8,82.89,37.89],[1503259980000,82.88,82.88,82.88,82.88,4.8281],[1503260640000,82.04,82.04,82.04,82.04,4],[1503260700000,82.05,82.05,82.03,82.05,11],[1503260940000,82.8,82.8,82.8,82.8,1],[1503261480000,82.04,82.04,82.04,82.04,3],[1503261960000,82.05,82.05,82.03,82.03,5.56],[1503262020000,81.8,81.8,81.8,81.8,15.49],[1503262080000,81,81,81,81,49.54],[1503262140000,81,81,81,81,1.46],[1503262260000,80.99,81,80.68,80.68,57.31],[1503262380000,80.87,81.01,80.67,80.68,185.9747],[1503262620000,80.68,80.68,80.68,80.68,0.561],[1503262920000,82.8,82.8,82.8,82.8,118.69],[1503263220000,82.8,82.8,82.8,82.8,128],[1503263340000,81.51,81.51,81.5,81.5,140],[1503263520000,81.5,81.5,81.5,81.5,19],[1503263760000,82.43,82.46,82.43,82.46,17.7503],[1503263880000,82.46,82.46,82.46,82.46,0.9778],[1503263940000,82.46,82.46,82.46,82.46,19.4054],[1503264000000,82.46,82.46,82.46,82.46,25],[1503264060000,82.46,82.46,82.46,82.46,0.4665],[1503264900000,82.45,82.45,82.45,82.45,10],[1503264960000,82.45,82.45,82.45,82.45,3.13],[1503265920000,81.52,81.52,81.51,81.51,14.43],[1503266040000,81.5,81.5,81.5,81.5,100.45],[1503266100000,81.5,81.5,81.5,81.5,184.66],[1503266400000,81.3,81.3,81.3,81.3,47.36],[1503266460000,81.9,81.9,81.9,81.9,10],[1503266580000,81.33,81.33,81.33,81.33,19.43],[1503266760000,81.5,81.5,81.5,81.5,139.2012],[1503266820000,81.55,81.55,81.55,81.55,10],[1503266880000,81.54,81.55,81.54,81.55,75.1081],[1503266940000,82,82,82,82,320],[1503267060000,82,82,82,82,106.5612],[1503267120000,82.1,82.1,82.1,82.1,67.11],[1503267240000,82.1,82.2,82.1,82.2,32.79],[1503267300000,82,82,82,82,93.4388],[1503267360000,81.53,81.53,81.53,81.53,4],[1503267780000,81.1,81.1,81,81,74.2519],[1503267900000,81.81,81.81,81.01,81.01,126],[1503268140000,81.12,81.12,81.11,81.11,135],[1503268200000,81.03,81.04,81.03,81.03,365],[1503268260000,81.03,81.03,81.02,81.02,487],[1503268320000,81.01,81.01,81,81,893.6454],[1503268380000,81,81,80.99,81,267.3827],[1503268620000,80.7,80.7,80.7,80.7,50.3],[1503268740000,80.7,80.7,80.7,80.7,60],[1503268800000,80.7,80.7,80.7,80.7,1],[1503268860000,80.7,80.7,80.7,80.7,13.6393],[1503269040000,80.96,80.99,80.96,80.99,50],[1503269280000,80.99,81,80.6,80.6,229.3583],[1503269520000,81,81,81,81,28.86],[1503269580000,81.7,81.7,81.7,81.7,97.74],[1503269700000,80.6,80.6,80.6,80.6,100],[1503269760000,81.63,81.63,80.2,80.2,600],[1503269820000,80.2,80.2,80.2,80.2,11.47],[1503269880000,81.3,81.3,81.3,81.3,100],[1503270060000,81.3,81.3,81.3,81.3,1.3],[1503270120000,80.3,80.3,80.3,80.3,245.6393],[1503270180000,80.3,80.3,80.3,80.3,100],[1503270240000,80.3,80.3,80,80,334.8213],[1503270300000,80.01,80.01,80,80,306.44],[1503270360000,80,80,80,80,10.0801],[1503270480000,80,80,80,80,921.4407],[1503270720000,80.03,80.03,80.03,80.03,6.3],[1503270960000,80.49,80.5,80.49,80.5,21.1959],[1503271080000,80.04,80.04,80.03,80.03,31.8185],[1503271140000,80.04,80.04,80.04,80.04,2],[1503271260000,80.03,80.03,79.9,79.9,270.0544],[1503271380000,79.5,79.5,79.5,79.5,47.8593],[1503271440000,79.5,79.5,79.5,79.5,1],[1503271500000,79.5,79.5,79.5,79.5,25.8107],[1503271560000,79,79,79,79,114.9],[1503271620000,79,79,79,79,145.1],[1503271680000,78.6,78.6,78.6,78.6,50],[1503271740000,78.99,78.99,78.99,78.99,5.1981],[1503271800000,79.01,79.01,79,79,39.12],[1503271860000,79,79,79,79,10.9],[1503271920000,79,79,78.99,78.99,387.2419],[1503272520000,78.51,78.51,78.51,78.51,4.9738],[1503272580000,78.51,78.51,78.51,78.51,17.0162],[1503272820000,78.6,78.6,78.56,78.56,401.77],[1503272940000,78.55,78.56,78.55,78.56,200],[1503273000000,78.55,78.56,78.55,78.56,335.1435],[1503273060000,78.56,78.56,78.56,78.56,385.35],[1503273180000,79.3,79.3,79.3,79.3,53.23],[1503273240000,79.3,79.3,79.3,79.3,9.9],[1503273480000,78.59,78.59,78.58,78.58,99.8441],[1503273600000,78.57,78.57,78.57,78.57,5],[1503273720000,78.51,78.51,78.05,78.05,473.95],[1503273780000,78.06,78.06,78.01,78.01,131.9401],[1503273840000,78.01,78.01,78,78,444.52],[1503274080000,78,78,78,78,10],[1503274200000,78.5,78.58,78.5,78.58,12.4302],[1503274260000,78.58,78.58,78.58,78.58,10],[1503274320000,78.5,78.5,78.5,78.5,2.89],[1503274380000,78.01,78.01,78.01,78.01,4.8745],[1503274440000,78.01,78.01,78.01,78.01,2],[1503274500000,78,78.01,78,78.01,19.974],[1503274680000,78.01,78.01,78.01,78.01,6.5555],[1503274860000,78,78,78,78,10],[1503274980000,78,78,78,78,6.5555],[1503275400000,78.1,78.1,78.1,78.1,1.53],[1503275460000,78.1,78.1,78.1,78.1,39.1547],[1503275580000,78.49,78.49,78.49,78.49,24.11],[1503275640000,78.58,78.58,78.58,78.58,34.1559],[1503275700000,79,79,79,79,192.67],[1503275760000,79.4,79.4,79.4,79.4,53.8298],[1503275820000,79.4,79.4,79.4,79.4,9],[1503276000000,79.41,79.41,79.4,79.4,8.3024],[1503276120000,79.37,79.37,79.37,79.37,5.2094],[1503276780000,79.37,79.37,78.7,78.7,111.53],[1503276900000,78.75,78.75,78.6,78.6,81.61],[1503277020000,78.6,78.6,78.6,78.6,31.0434],[1503277440000,78.18,78.2,78.18,78.2,92.7748],[1503277560000,78.2,79.36,78.2,79.36,300.0963],[1503277620000,79.36,79.4,79.36,79.4,33.2588],[1503277680000,79.4,79.4,79.36,79.36,61.5714],[1503277920000,79.34,79.34,79.34,79.34,5.45],[1503278100000,78.15,78.15,78.15,78.15,5.1617],[1503278160000,78.12,78.14,78.12,78.14,117.6175],[1503278220000,78.12,78.12,78.12,78.12,20.8388],[1503278280000,78.2,78.2,78.2,78.2,10],[1503278400000,78.31,78.31,78.31,78.31,5.0947],[1503278460000,78.31,78.31,78.31,78.31,45.0553],[1503278700000,79.23,79.23,79.23,79.23,190.67],[1503278760000,79,79.3,79,79.3,181.4776],[1503278880000,79.3,79.99,78.41,79.99,251.5243],[1503279120000,79.31,79.78,79.3,79.3,80.4339],[1503279180000,79.8,79.8,79.8,79.8,1],[1503279540000,79.89,79.89,79.5,79.5,3],[1503279600000,79.5,79.5,79.5,79.5,9],[1503279660000,79.49,79.5,79.49,79.49,9.9464],[1503279720000,79.5,79.5,79.5,79.5,20.26],[1503279900000,79.5,79.5,79.5,79.5,50.46],[1503280140000,79.5,79.5,79.5,79.5,2.57],[1503280380000,78.83,78.83,78.82,78.82,9.9],[1503280620000,78.8,78.8,78.8,78.8,8.29],[1503280680000,79.39,79.39,79.39,79.39,5.2225],[1503280740000,79.39,79.39,79.39,79.39,6.7775],[1503280920000,79.4,79.4,79.4,79.4,64.7057],[1503281040000,79.4,79.4,79.4,79.4,0.2943],[1503281520000,79.49,79.49,79.49,79.49,1],[1503281700000,78.82,78.82,78.82,78.82,15],[1503281760000,79,79,79,79,1.9],[1503281880000,78.82,78.82,78.82,78.82,44.6],[1503282060000,78.82,78.82,78.8,78.8,23.1],[1503282120000,78.8,78.8,78.5,78.5,193.5702],[1503282180000,78.5,78.5,78.5,78.5,57.2],[1503282240000,78.79,78.79,78.79,78.79,4.9798],[1503282300000,78.5,78.5,78.5,78.5,65],[1503282420000,78.5,78.5,78.4,78.4,30.19],[1503282480000,78.4,78.4,78.21,78.21,33.65],[1503282540000,78.5,78.5,78.2,78.2,91.68],[1503282600000,78.2,78.2,78.2,78.2,40],[1503282660000,78.2,78.2,78.2,78.2,50],[1503282720000,78.2,78.2,78,78,337.7771],[1503282840000,78.01,78.01,78,78,20],[1503282900000,78.01,78.01,78.01,78.01,20],[1503282960000,78.01,78.01,78.01,78.01,10],[1503283080000,78.01,78.01,78.01,78.01,20],[1503283140000,78.01,78.01,77.3,77.3,928.2796],[1503283200000,77.3,77.3,77.3,77.3,55.2094],[1503283260000,77.12,77.12,77.1,77.1,15.9],[1503283380000,77.11,77.11,77.11,77.11,2],[1503283440000,77.11,77.11,77.11,77.11,3.3013],[1503283500000,77.12,78.39,77.12,78.39,72.66],[1503283620000,77.99,77.99,77.99,77.99,51.54],[1503283680000,77.13,77.13,77.12,77.12,300],[1503283740000,77.12,77.13,77.12,77.12,219.7],[1503283800000,77.13,77.13,77.13,77.13,57.2947],[1503283860000,77.12,77.12,77.12,77.12,141],[1503283920000,77.12,77.12,77.12,77.12,33],[1503284100000,77.2,77.2,77.2,77.2,111.56],[1503284160000,77.2,77.2,77.12,77.12,50],[1503284220000,77.2,77.2,77,77.1,238.3204],[1503284280000,77,77,77,77,54.24],[1503284400000,77.49,77.49,77.49,77.49,5.293],[1503284460000,77.88,77.88,77.49,77.5,29],[1503284520000,77.88,77.88,77.88,77.88,20],[1503284580000,77.88,77.9,77.5,77.5,122.379],[1503284640000,77.5,77.5,77.5,77.5,24.67],[1503284700000,77.9,77.9,77.9,77.9,10.33],[1503284760000,77.5,77.5,77.5,77.5,18.21],[1503285000000,77.9,77.9,77.9,77.9,101.6],[1503285060000,77.5,77.5,77.5,77.5,10],[1503285180000,77.9,77.9,77.9,77.9,20],[1503285480000,77.9,77.9,77.9,77.9,1],[1503285540000,77.63,77.63,77.63,77.63,5],[1503285840000,77.9,77.9,77.9,77.9,1.6],[1503285960000,77.9,77.9,77.9,77.9,0.0099],[1503286080000,77.92,77.92,77.92,77.92,5],[1503286200000,78,78,78,78,11.79],[1503286260000,78,78,78,78,15],[1503286320000,78.01,78.01,78.01,78.01,41.25],[1503286500000,78.02,78.02,78.02,78.02,18],[1503286560000,78.02,78.02,78.01,78.01,139.11],[1503286620000,78.02,78.02,78,78,64.25],[1503287100000,77.91,77.91,77.91,77.91,0.53],[1503287220000,77.91,77.91,77.5,77.5,218],[1503287280000,77.5,78.02,77.5,78.02,200.844],[1503287340000,78.02,78.02,78.02,78.02,1],[1503287460000,77.5,77.5,77.5,77.5,28],[1503287520000,77.49,77.5,77.49,77.5,76.9496],[1503287580000,77.51,77.51,77.51,77.51,84],[1503287640000,77.51,77.51,77.51,77.51,0.81],[1503287760000,77.54,78.02,77.54,78.02,83.3605],[1503287820000,78.39,78.39,78.39,78.39,1],[1503287940000,78.3,78.3,78.3,78.3,20],[1503288000000,78.3,78.39,78.3,78.39,26],[1503288060000,78.39,78.39,78.39,78.39,1],[1503288120000,78.39,78.39,78.39,78.39,3.53],[1503288240000,77.62,77.62,77.6,77.6,161.08],[1503288360000,78.38,78.39,78.38,78.39,2.4461],[1503288480000,78.69,78.99,78.69,78.69,145],[1503288900000,78,78,78,78,0.9998],[1503288960000,78.01,78.01,78.01,78.01,2.4461],[1503289020000,78,78,78,78,23.6001],[1503289080000,78,78,78,78,4],[1503289140000,78,78,78,78,11.4001],[1503289320000,78,78,78,78,17.3934],[1503289380000,78,78,77.81,77.81,42.6066],[1503289800000,78.62,78.63,77.6,77.6,123.55],[1503289860000,77.61,77.61,77.6,77.6,25.2431],[1503289920000,77.56,77.56,77.56,77.56,7.5032],[1503289980000,77.56,77.56,77.55,77.55,44],[1503290040000,77.55,77.55,77.55,77.55,5],[1503290340000,77.55,77.55,77.54,77.54,17.726],[1503290400000,77.55,77.55,77.55,77.55,3.65],[1503290640000,77.55,77.55,77.55,77.55,0.624],[1503290940000,77.57,77.57,77.57,77.57,162.8807],[1503291060000,78.04,78.07,78.04,78.07,12.7557],[1503291120000,78.07,78.07,78.07,78.07,13.7743],[1503291300000,77.63,77.63,77.62,77.62,40],[1503291540000,77.62,77.62,77.62,77.62,54.1146],[1503291600000,78.07,78.08,78.07,78.08,100.6],[1503291660000,77.64,77.64,77.64,77.64,203.89],[1503291780000,77.7,77.7,77.7,77.7,267.1652],[1503291840000,78,78,78,78,13.84],[1503291900000,78,78.08,78,78.08,308.0536],[1503292020000,77.68,77.68,77.68,77.68,4.9806],[1503292200000,77.68,77.68,77.68,77.68,4],[1503292260000,77.68,77.68,77.68,77.68,0.0994],[1503292920000,77.8,77.8,77.8,77.8,21.8],[1503292980000,77.81,77.81,77.81,77.81,100],[1503293160000,77.81,77.81,77.81,77.81,2.65],[1503293400000,77.83,77.83,77.83,77.83,30.3757],[1503293580000,78.18,78.18,78.18,78.18,2.6],[1503293640000,77.83,77.83,77.83,77.83,60.5],[1503293880000,77.83,77.83,77.82,77.82,233.3132],[1503294000000,77.72,77.72,77.68,77.68,33.852],[1503294060000,77.68,77.68,77.68,77.68,185.2386],[1503294120000,77.68,77.68,77.59,77.59,122.815],[1503294300000,77.59,77.59,77.59,77.59,20],[1503294420000,77.59,77.59,77.5,77.5,36.76],[1503294480000,77.5,77.5,77.5,77.5,20],[1503294660000,77.5,77.5,77.5,77.5,30],[1503294900000,77.5,77.5,77.5,77.5,20],[1503295020000,77.5,77.5,77.5,77.5,132],[1503295080000,77.5,77.5,77.32,77.32,20.3785],[1503295140000,77.32,77.32,77.3,77.3,148],[1503295200000,77.1,77.3,77,77,197.5],[1503295260000,77,77,77,77,13.89],[1503295380000,76.68,76.68,76.5,76.5,267.48],[1503295440000,76.1,76.1,75.6,75.6,663.0201],[1503295500000,76,76,76,76,4.95],[1503295680000,76.01,76.01,76,76,56.05],[1503295740000,76.97,76.98,76,76.98,197.0992],[1503295800000,76.01,76.01,76,76,326],[1503295860000,76.01,76.01,76,76,242],[1503295980000,76.01,76.01,76,76,249],[1503296100000,76.1,76.2,76.1,76.2,600.93],[1503296160000,76.2,76.48,76.2,76.48,94.1399],[1503296220000,76.48,76.48,76.2,76.2,83.2766],[1503296340000,76.2,76.2,76.2,76.2,510.1239],[1503296400000,76.2,76.2,76.1,76.1,30],[1503296460000,76.1,76.1,76.1,76.1,51.0699],[1503296520000,76,76,76,76,32.43],[1503296580000,76,76,76,76,167.57],[1503296640000,75.9,76,75.9,75.9,250],[1503296700000,75.9,75.9,75.9,75.9,18.03],[1503296760000,75.51,75.79,75.5,75.79,155.4289],[1503296880000,75.79,75.8,75.79,75.8,183],[1503297000000,75.8,75.8,75.8,75.8,55],[1503297060000,75.8,75.8,75.5,75.5,24.19],[1503297120000,75.3,75.3,75.01,75.01,899.2881],[1503297180000,75.1,75.1,75.1,75.1,10],[1503297240000,75.11,75.99,75.1,75.2,454.2247],[1503297300000,75.1,75.1,75,75,2125.2071],[1503297360000,74.8,74.8,74.6,74.6,280],[1503297420000,74.6,74.8,74.6,74.8,94.4794],[1503297480000,74.81,74.81,74.8,74.8,13],[1503297540000,74.81,74.81,74.8,74.8,71.78],[1503297600000,74.62,74.62,74.62,74.62,12],[1503297660000,74.79,74.8,74.79,74.8,60],[1503297720000,74.8,74.81,74.8,74.81,56.9963],[1503297780000,74.8,74.8,74.8,74.8,8],[1503297840000,74.82,74.82,74.82,74.82,2],[1503297900000,75.69,75.7,75.69,75.7,20]]"



在控制台输入  kline
lastDepth是深度数据

在控制台输入  GLOBAL_VAR
KLineData是行情数据



kline.assistent.js中416行中refreshPage函数101跳转